Papel   Cotacao P/L        P/VP    PSR        DY      P/Ativo    P/Cap.Giro P/EBIT     P/ACL       EV/EBIT     EV/EBITDA Mrg.Ebit    Mrg.Liq.    Liq.Corr. ROIC        ROE   Liq.2meses
AALR3   10.85   131.86     1.02    1.226      0.008   0.489      -90.69     14.05      -1.81       20.27       8.80    0.0872      0.0177      0.98    0.0395      0.0077 11456900.00
ABCB4   13.48   7.03       0.72    0.000      0.0482  0.000      0.00       0.00       0.00        0.00        0.00    0.00        0.00        0.00    0.00        0.1023 12423500.00
ABEV3   13.26   23.40      2.82    4.010      0.037   1.719      29.68      15.77      -21.75      14.96       10.94   0.2542      0.1788      1.24    0.1463      0.1206 473030000.00
ADHM3   2.22    -5.82      -1.83   1097.080   0.00    149.602    -2.03      -8.10      -1.81       -8.10       -8.27   -135.485    -188.606    0.00    5.217       0.3147 98362.20
AFLT3   9.86    26.18      2.76    16.175     0.0664  2.628      7.45       26.54      8.14        23.84       23.84   0.6095      0.6179      20.69   0.1365      0.1055 69895.20
AGRO3   20.27   31.13      1.14    1.917      0.042   0.651      4.61       8.47       -4.60       12.15       10.51   0.2263      0.1867      1.96    0.0844      0.0367 3470190.00
AHEB3   25.00   31.09      9.85    2.337      0.00    0.797      -12.05     26.37      -1.08       23.20       23.20   0.0886      0.0752      0.73    0.0363      0.3169 1877.76
AHEB6   24.83   30.88      9.78    2.321      0.00    0.792      -11.97     26.19      -1.07       23.02       23.02   0.0886      0.0752      0.73    0.0363      0.3169 165.53 
ALPA3   31.04   68.66      6.40    5.693      0.0016  2.744      11.21      37.73      28.81       37.43       28.13   0.1509      0.0786      1.60    0.1292      0.0932 72655.00
ALPA4   34.50   76.31      7.11    6.328      0.0016  3.050      12.46      41.93      32.03       41.64       31.29   0.1509      0.0786      1.60    0.1292      0.0932 56577400.00
ALPK3   9.26    0.00       2.34    0.000      0.00    0.571      -3.13      0.00       -0.94       0.00        0.00    0.00        0.00        0.44    0.00        0.00  449283.00
ALSO3   28.78   78.12      1.16    8.027      0.00    0.701      4.87       16.73      -5.09       13.82       9.48    0.4797      0.1251      9.44    0.0478      0.0149 45690000.00
ALUP11  23.92   11.12      1.32    1.439      0.0288  0.350      3.03       3.35       -0.91       6.09        5.71    0.4299      0.272       2.17    0.1241      0.1186 21398500.00
ALUP3   9.72    13.56      1.61    1.754      0.0237  0.427      3.70       4.08       -1.11       6.82        6.40    0.4299      0.272       2.17    0.1241      0.1186 174772.00
ALUP4   7.05    9.84       1.17    1.272      0.0326  0.310      2.68       2.96       -0.80       5.70        5.35    0.4299      0.272       2.17    0.1241      0.1186 200526.00
AMAR3   7.79    -9.29      1.54    0.716      0.00    0.596      2.54       6.54       -8.48       9.74        4.77    0.1095      -0.1003     1.76    0.1119      -0.1658 50665300.00
AMBP3   27.99   0.00       13.58   0.000      0.00    3.350      13.47      0.00       -12.16      0.00        0.00    0.00        0.00        2.21    0.00        0.00  17498200.00
ANIM3   28.20   -77.13     1.89    2.395      0.00    0.910      3.37       17.63      -6.57       19.91       11.29   0.1358      -0.0307     3.44    0.0682      -0.0245 14799100.00
APER3   25.60   -83.59     1.67    3.111      0.0021  1.127      4.65       -93.54     17.30       -69.38      71.85   -0.0333     -0.0372     2.63    -0.0176     -0.02 2140190.00
ARZZ3   55.50   120.14     7.54    3.509      0.0064  2.917      7.21       257.72     23.42       259.54      49.48   0.0136      0.0292      2.21    0.0189      0.0628 33494200.00
ATOM3   3.20    8.63       5.46    3.572      0.00    3.064      3.27       13.22      5.52        10.54       10.49   0.2702      0.4137      17.71   0.6834      0.6329 759501.00
AURA32  924.80  0.00       0.00    0.000      0.00    0.000      0.00       0.00       0.00        0.00        0.00    0.00        0.00        1.20    0.00        0.00  5072680.00
AZEV3   10.69   0.76       -0.23   -1.245     0.00    1.021      -0.31      2.02       -0.21       3.22        3.22    -0.6154     -1.65       0.14    1.0812      -0.3071 202117.00
AZEV4   4.15    0.29       -0.09   -0.483     0.00    0.396      -0.12      0.79       -0.08       1.98        1.98    -0.6154     -1.65       0.14    1.0812      -0.3071 243449.00
AZUL4   22.49   -0.63      -0.61   0.811      0.00    0.507      -1.23      -2.81      -0.32       -9.25       22.39   -0.2884     -1.2836     0.36    -0.2502     0.9628 384198000.00
B3SA3   60.57   37.00      4.88    16.431     0.0239  2.822      29.18      29.30      -35.69      27.59       22.25   0.5608      0.4439      1.39    0.1419      0.132 644524000.00
BAHI3   127.00  -15.33     2.85    3.504      0.00    0.676      -10.76     -31.11     -1.12       -29.40      -35.60  -0.1126     -0.2267     0.69    -0.0242     -0.1858 138097.00
BALM3   18.90   26.61      1.76    1.257      0.0138  0.908      3.09       20.45      5.44        22.42       16.90   0.0615      0.0333      1.91    0.0504      0.066 32483.40
BALM4   12.50   17.60      1.16    0.832      0.0208  0.600      2.04       13.53      3.60        15.49       11.68   0.0615      0.0333      1.91    0.0504      0.066 159259.00
BAUH4   89.88   31.97      6.18    2.581      0.0095  3.708      21.23      29.21      25.75       27.01       20.80   0.0883      0.0807      1.47    0.248       0.1933 33150.00
BAZA3   36.65   3.43       0.49    0.000      0.0977  0.000      0.00       0.00       0.00        0.00        0.00    0.00        0.00        0.00    0.00        0.1438 114236.00
BBAS3   33.18   5.90       0.91    0.000      0.0554  0.000      0.00       0.00       0.00        0.00        0.00    0.00        0.00        0.00    0.00        0.1536 595931000.00
BBDC3   19.67   9.91       1.29    0.000      0.0798  0.000      0.00       0.00       0.00        0.00        0.00    0.00        0.00        0.00    0.00        0.1303 108425000.00
BBDC4   21.23   10.69      1.39    0.000      0.0813  0.000      0.00       0.00       0.00        0.00        0.00    0.00        0.00        0.00    0.00        0.1303 1047760000.00
BBRK3   1.99    -0.48      0.43    0.614      0.00    0.232      2.50       -2.52      -1.79       -0.83       -1.44   -0.2433     -1.1477     1.48    -0.1107     -0.9091 2154370.00
BBSE3   27.04   0.00       0.00    0.000      0.153   0.000      0.00       0.00       0.00        0.00        0.00    0.00        0.00        0.00    0.00        0.00  129297000.00
BDLL3   24.00   -0.19      -0.39   1.010      0.00    0.053      -0.20      -0.79      -0.07       -5.55       -6.57   -1.2753     -5.3741     0.60    -0.0803     2.0925 1226.44
BDLL4   8.90    -0.07      -0.15   0.374      0.00    0.020      -0.08      -0.29      -0.03       -5.05       -5.98   -1.2753     -5.3741     0.60    -0.0803     2.0925 59098.10
BEEF3   13.04   9.26       7.57    0.354      0.00    0.374      1.11       3.67       -1.33       6.80        5.83    0.0964      0.0382      2.01    0.1981      0.8178 103997000.00
BEES3   5.64    7.77       1.12    0.000      0.0475  0.000      0.00       0.00       0.00        0.00        0.00    0.00        0.00        0.00    0.00        0.1449 143497.00
BEES4   5.80    7.99       1.16    0.000      0.0462  0.000      0.00       0.00       0.00        0.00        0.00    0.00        0.00        0.00    0.00        0.1449 26076.00
BGIP3   41.62   7.83       1.41    0.000      0.0171  0.000      0.00       0.00       0.00        0.00        0.00    0.00        0.00        0.00    0.00        0.1803 1235.71
BGIP4   27.69   5.21       0.94    0.000      0.0283  0.000      0.00       0.00       0.00        0.00        0.00    0.00        0.00        0.00    0.00        0.1803 85608.50
BIDI11  59.61   577.93     6.64    0.000      0.0047  0.000      0.00       0.00       0.00        0.00        0.00    0.00        0.00        0.00    0.00        0.0115 37409700.00
BIDI3   18.76   545.65     6.27    0.000      0.005   0.000      0.00       0.00       0.00        0.00        0.00    0.00        0.00        0.00    0.00        0.0115 7330630.00
BIDI4   20.30   590.44     6.78    0.000      0.0046  0.000      0.00       0.00       0.00        0.00        0.00    0.00        0.00        0.00    0.00        0.0115 36681000.00
BIOM3   16.60   -16.63     8.36    39.193     0.00    2.837      16.95      -22.29     -8.53       -24.88      -27.21  -1.7585     -2.3565     2.04    -0.1606     -0.5027 608342.00
BKBR3   10.91   -12.67     1.60    1.008      0.0047  0.704      24.51      -17.41     -2.13       -19.89      16.38   -0.0579     -0.0796     1.14    -0.0508     -0.1266 22583200.00
BMEB3   14.70   5.39       0.81    0.000      0.0424  0.000      0.00       0.00       0.00        0.00        0.00    0.00        0.00        0.00    0.00        0.1496 38719.00
BMEB4   13.42   4.92       0.74    0.000      0.0511  0.000      0.00       0.00       0.00        0.00        0.00    0.00        0.00        0.00    0.00        0.1496 126260.00
BMGB4   5.29    0.00       0.78    0.000      0.04    0.000      0.00       0.00       0.00        0.00        0.00    0.00        0.00        0.00    0.00        0.00  6669830.00
BMIN3   19.01   44.48      0.74    0.000      0.00    0.000      0.00       0.00       0.00        0.00        0.00    0.00        0.00        0.00    0.00        0.0167 87049.30
BMIN4   19.30   45.16      0.75    0.000      0.0725  0.000      0.00       0.00       0.00        0.00        0.00    0.00        0.00        0.00    0.00        0.0167 41929.10
BMKS3   215.00  38.43      0.55    6.227      0.0283  0.490      0.62       -18.37     0.69        8.37        15.21   -0.3389     0.162       28.58   -0.1105     0.0144 69046.90
BNBR3   84.00   5.48       1.23    0.000      0.0578  0.000      0.00       0.00       0.00        0.00        0.00    0.00        0.00        0.00    0.00        0.2249 105556.00
BOBR4   2.17    39.63      -2.22   0.532      0.00    0.810      -3.00      5.03       -0.87       7.15        5.95    0.1058      0.0134      0.62    0.2198      -0.056 477530.00
BPAC11  82.60   30.55      2.92    0.000      0.0144  0.000      0.00       0.00       0.00        0.00        0.00    0.00        0.00        0.00    0.00        0.0956 341422000.00
BPAC3   46.81   51.94      4.97    0.000      0.0085  0.000      0.00       0.00       0.00        0.00        0.00    0.00        0.00        0.00    0.00        0.0956 474494.00
BPAC5   17.60   19.53      1.87    0.000      0.0226  0.000      0.00       0.00       0.00        0.00        0.00    0.00        0.00        0.00    0.00        0.0956 274494.00
BPAN4   8.98    17.55      2.12    0.000      0.0186  0.000      0.00       0.00       0.00        0.00        0.00    0.00        0.00        0.00    0.00        0.1206 44785300.00
BRAP3   39.25   42.96      1.25    0.000      0.0185  1.190      0.00       -759.41    0.00        -761.09     -761.09 0.00        0.00        0.00    0.00        0.029 625818.00
BRAP4   44.30   48.48      1.41    0.000      0.018   1.343      0.00       -857.12    0.00        -858.79     -858.79 0.00        0.00        0.00    0.00        0.029 93926800.00
BRDT3   21.09   13.25      2.50    0.290      0.0458  0.888      3.12       22.65      -6.28       26.25       17.48   0.0128      0.0219      2.29    0.0515      0.1889 169483000.00
BRFS3   20.70   13.63      2.48    0.470      0.00    0.344      3.78       5.87       -0.82       11.06       6.11    0.08        0.035       1.26    0.0928      0.1816 227204000.00
BRGE11  11.01   15.11      0.66    21.833     0.032   0.104      1.71       -1.86      -1.23       2.16        2.16    -11.7258    2.2765      1.10    -0.0721     0.0438 5079.20
BRGE12  6.00    8.24       0.36    11.898     0.00    0.057      0.93       -1.01      -0.67       3.00        3.01    -11.7258    2.2765      1.10    -0.0721     0.0438 32728.90
BRGE3   9.26    12.71      0.56    18.362     0.00    0.088      1.44       -1.57      -1.04       2.45        2.46    -11.7258    2.2765      1.10    -0.0721     0.0438 27156.80
BRGE5   17.00   23.34      1.02    33.711     0.00    0.161      2.64       -2.87      -1.91       1.14        1.15    -11.7258    2.2765      1.10    -0.0721     0.0438 613.98 
BRGE6   44.99   61.76      2.71    89.214     0.0157  0.425      6.99       -7.61      -5.05       -3.59       -3.60   -11.7258    2.2765      1.10    -0.0721     0.0438 2228.29
BRGE8   7.31    10.03      0.44    14.496     0.0402  0.069      1.14       -1.24      -0.82       2.78        2.79    -11.7258    2.2765      1.10    -0.0721     0.0438 15811.10
BRIV3   7.88    9.92       0.46    0.000      0.00    0.000      0.00       0.00       0.00        0.00        0.00    0.00        0.00        0.00    0.00        0.0466 22662.90
BRIV4   7.48    9.42       0.44    0.000      0.0912  0.000      0.00       0.00       0.00        0.00        0.00    0.00        0.00        0.00    0.00        0.0466 53038.10
BRKM3   24.01   -1.85      -5.66   0.384      0.0349  0.226      1.94       11.72      -0.33       30.02       8.95    0.0328      -0.218      1.46    0.028       3.0676 474939.00
BRKM5   23.97   -1.84      -5.65   0.384      0.035   0.226      1.94       11.70      -0.33       30.00       8.95    0.0328      -0.218      1.46    0.028       3.0676 67593600.00
BRKM6   18.00   -1.38      -4.25   0.288      0.0337  0.170      1.45       8.78       -0.25       27.08       8.08    0.0328      -0.218      1.46    0.028       3.0676 333.53 
BRML3   10.25   54.26      0.85    8.052      0.00    0.480      8.96       12.15      -1.47       15.14       14.63   0.6626      0.224       2.89    0.0423      0.0157 157468000.00
BRPR3   9.61    10.35      0.66    14.130     0.0089  0.476      3.48       21.71      -3.83       24.02       24.02   0.651       1.3656      9.43    0.0252      0.0637 29545100.00
BRSR3   15.56   5.97       0.77    0.000      0.0442  0.000      0.00       0.00       0.00        0.00        0.00    0.00        0.00        0.00    0.00        0.1298 414906.00
BRSR5   21.75   8.34       1.08    0.000      0.0337  0.000      0.00       0.00       0.00        0.00        0.00    0.00        0.00        0.00    0.00        0.1298 5519.42
BRSR6   13.63   5.23       0.68    0.000      0.0505  0.000      0.00       0.00       0.00        0.00        0.00    0.00        0.00        0.00    0.00        0.1298 35295800.00
BSEV3   3.39    -2.23      -3.42   0.529      0.00    0.257      -0.54      11.43      -0.39       31.56       4.34    0.0463      -0.2373     0.46    0.0265      1.5314 508040.00
BSLI3   199.90  15.75      4.12    0.000      0.0261  0.000      0.00       0.00       0.00        0.00        0.00    0.00        0.00        0.00    0.00        0.2619 4796.33
BSLI4   92.01   7.25       1.90    0.000      0.0624  0.000      0.00       0.00       0.00        0.00        0.00    0.00        0.00        0.00    0.00        0.2619 649.42 
BTOW3   113.60  -254.74    10.70   7.325      0.00    3.625      11.71      258.52     -50.65      259.34      75.13   0.0283      -0.0288     2.10    0.0337      -0.042 347120000.00
BTTL3   8.40    6.44       12.73   0.650      0.00    0.916      -30.37     8.50       -1.67       10.85       10.85   0.0764      0.1009      0.93    0.1261      1.9768 106405.00
CAMB3   4.35    78.87      2.83    1.052      0.00    0.838      254.71     19.70      -2.66       24.97       14.57   0.0534      0.0134      1.01    0.048       0.0359 1474570.00
CAML3   12.15   -337.83    1.74    1.892      0.0138  0.614      2.29       29.62      11.67       38.10       38.10   0.0639      -0.0056     1.62    0.0353      -0.0051 15464900.00
CARD3   13.52   14.78      2.07    1.261      0.0201  1.063      30.45      10.08      -6.73       10.92       5.35    0.1251      0.0853      1.12    0.1393      0.1399 3354020.00
CASN3   12.70   87.00      7.02    7.944      0.0033  2.455      77.36      31.90      -4.87       36.31       27.03   0.2491      0.0913      1.28    0.0824      0.0807 28.22  
CBEE3   16.11   9.63       0.73    0.454      0.00    0.240      -7.29      5.04       -0.59       13.04       7.16    0.0902      0.0472      0.89    0.0529      0.0758 13361.20
CCPR3   15.50   38.34      1.34    5.262      0.0032  0.478      3.93       10.83      -2.03       14.50       11.61   0.4858      0.2674      4.14    0.0513      0.035 3687610.00
CCRO3   13.50   30.98      3.31    2.644      0.0565  0.781      33.12      9.84       -1.48       15.06       8.50    0.2688      0.0791      1.11    0.0982      0.1069 112693000.00
CEAB3   11.05   20.62      1.26    0.652      0.0001  0.587      5.81       9.20       -3.32       13.03       5.54    0.0709      0.0316      1.40    0.0757      0.0609 36497200.00
CEBR3   63.50   8.64       1.15    0.331      0.0263  0.257      6.75       5.50       -0.98       5.93        4.39    0.0602      0.0496      1.09    0.0565      0.1334 53420.00
CEBR5   89.50   12.17      1.62    0.467      0.0439  0.363      9.51       7.75       -1.38       8.18        6.05    0.0602      0.0496      1.09    0.0565      0.1334 3472.58
CEBR6   69.99   9.52       1.27    0.365      0.0262  0.284      7.44       6.06       -1.08       6.49        4.80    0.0602      0.0496      1.09    0.0565      0.1334 15188.40
CEDO3   10.89   -1.79      0.81    0.180      0.00    0.165      -2.54      10.58      -0.41       30.12       10.45   0.017       -0.1082     0.85    0.019       -0.4561 58679.00
CEDO4   6.08    -1.00      0.45    0.100      0.00    0.092      -1.42      5.91       -0.23       25.45       8.83    0.017       -0.1082     0.85    0.019       -0.4561 70611.00
CEEB3   43.00   12.10      1.98    1.124      0.0116  0.538      11.13      6.64       -1.12       11.23       8.53    0.1692      0.0929      1.24    0.0897      0.1639 4648.67
CEEB5   40.03   11.26      1.85    1.046      0.00    0.501      10.36      6.18       -1.04       10.77       8.19    0.1692      0.0929      1.24    0.0897      0.1639 1174.51
CEED3   54.00   -0.32      -0.11   0.156      0.00    0.133      -0.13      -1.18      -0.07       -3.36       -5.06   -0.1328     -0.4889     0.20    -0.1363     0.3346 6451.29
CEED4   100.00  -0.59      -0.20   0.290      0.00    0.247      -0.24      -2.18      -0.12       -4.37       -6.57   -0.1328     -0.4889     0.20    -0.1363     0.3346 222.22 
CEPE5   28.00   -45.35     1.25    -51.237    0.0359  0.226      -6.63      -79.14     -0.45       -267.31     -424.64 0.6474      1.1298      0.90    -0.0034     -0.0277 12028.90
CEPE6   23.17   -37.53     1.04    -42.398    0.0477  0.187      -5.49      -65.49     -0.37       -253.66     -402.95 0.6474      1.1298      0.90    -0.0034     -0.0277 767.29 
CESP3   35.66   7.70       1.63    6.512      0.0519  0.913      28.01      18.07      -2.62       19.63       12.02   0.3604      0.8458      1.56    0.0539      0.2114 410258.00
CESP5   32.90   7.10       1.50    6.008      0.0562  0.842      25.84      16.67      -2.42       18.23       11.17   0.3604      0.8458      1.56    0.0539      0.2114 16450.30
CESP6   29.94   6.46       1.37    5.468      0.0618  0.766      23.52      15.17      -2.20       16.73       10.25   0.3604      0.8458      1.56    0.0539      0.2114 66693300.00
CGAS3   189.94  18.75      27.27   2.849      0.1427  2.239      22.25      11.88      -4.84       14.21       12.23   0.2398      0.1519      1.28    0.277       1.4548 17772.60
CGAS5   189.75  18.73      27.25   2.846      0.1511  2.237      22.22      11.87      -4.84       14.20       12.22   0.2398      0.1519      1.28    0.277       1.4548 663084.00
CGRA3   26.09   4.04       0.86    1.171      0.0671  0.619      2.62       13.62      4.69        10.63       5.68    0.086       0.2902      2.32    0.0567      0.214 53345.20
CGRA4   26.56   4.11       0.88    1.193      0.066   0.630      2.67       13.87      4.77        10.88       5.81    0.086       0.2902      2.32    0.0567      0.214 234324.00
CIEL3   4.95    19.33      1.47    1.248      0.0157  0.183      2.11       11.87      -3.62       13.60       6.77    0.1051      0.0645      1.12    0.0775      0.0761 360659000.00
CLSC3   54.00   5.64       1.29    0.255      0.0324  0.205      3.38       4.68       -0.42       7.26        4.75    0.0544      0.0451      1.21    0.0526      0.229 3851.42
CLSC4   54.75   5.72       1.31    0.258      0.0352  0.208      3.42       4.75       -0.43       7.32        4.79    0.0544      0.0451      1.21    0.0526      0.229 2443380.00
CMIG3   10.66   13.47      0.96    0.662      0.0472  0.308      3.17       4.63       -0.75       8.16        6.39    0.1431      0.0492      1.56    0.0743      0.0713 23016100.00
CMIG4   10.40   13.14      0.94    0.646      0.0484  0.301      3.09       4.51       -0.73       8.04        6.30    0.1431      0.0492      1.56    0.0743      0.0713 111435000.00
CNTO3   29.24   32.10      3.62    2.559      0.00    1.503      5.58       -110.80    -9.92       -114.69     45.26   -0.0231     0.0795      2.64    -0.0209     0.1128 64994400.00
COCE3   70.00   14.20      1.73    0.966      0.0303  0.574      -35.50     9.71       -1.54       14.20       9.31    0.0995      0.068       0.95    0.0667      0.1221 13102.90
COCE5   63.61   12.91      1.58    0.878      0.0334  0.522      -32.26     8.82       -1.40       13.32       8.73    0.0995      0.068       0.95    0.0667      0.1221 3508120.00
COGN3   7.19    -320.37    0.74    1.980      0.0047  0.372      4.26       17.98      -1.17       30.28       12.03   0.1101      -0.0067     1.97    0.023       -0.0023 669116000.00
CPFE3   30.03   12.10      2.36    1.168      0.06    0.678      10.50      7.40       -1.75       10.69       8.16    0.1579      0.1003      1.25    0.1171      0.1948 85944900.00
CPLE3   60.81   5.10       0.86    0.951      0.0369  0.375      6.33       3.87       -1.04       5.69        4.47    0.2459      0.1894      1.43    0.1077      0.1684 25691800.00
CPLE5   60.52   5.08       0.85    0.946      0.0652  0.373      6.30       3.85       -1.03       5.67        4.46    0.2459      0.1894      1.43    0.1077      0.1684 134.49 
CPLE6   60.83   5.10       0.86    0.951      0.0406  0.375      6.34       3.87       -1.04       5.69        4.47    0.2459      0.1894      1.43    0.1077      0.1684 71424500.00
CPRE3   18.23   60.96      2.13    5.011      0.00    0.804      -70.71     13.46      -1.66       17.72       9.23    0.3722      0.0877      0.92    0.0661      0.0349 2252.40
CRDE3   21.95   -14.83     0.40    8.710      0.6584  0.311      1.06       -10.42     1.24        0.72        0.72    -0.8355     -0.664      2.61    -0.0457     -0.0271 99760.80
CRFB3   20.19   18.95      2.75    0.628      0.012   0.886      14.51      9.93       -5.31       10.73       8.42    0.0632      0.0376      1.14    0.1269      0.1452 125780000.00
CRIV3   5.50    8.09       0.58    0.000      0.0063  0.000      0.00       0.00       0.00        0.00        0.00    0.00        0.00        0.00    0.00        0.0722 36107.30
CRIV4   6.08    8.94       0.65    0.000      0.08    0.000      0.00       0.00       0.00        0.00        0.00    0.00        0.00        0.00    0.00        0.0722 17374.10
CRPG3   24.95   7.15       1.20    1.408      0.00    0.859      1.28       11.75      1.69        9.89        7.11    0.1198      0.1969      6.48    0.0885      0.1673 3275.98
CRPG5   20.70   5.93       0.99    1.168      0.0067  0.713      1.07       9.75       1.40        7.89        5.68    0.1198      0.1969      6.48    0.0885      0.1673 169762.00
CRPG6   21.49   6.16       1.03    1.213      0.0065  0.740      1.11       10.12      1.45        8.27        5.94    0.1198      0.1969      6.48    0.0885      0.1673 18199.00
CSAB3   45.50   0.00       0.00    0.000      0.0682  0.000      0.00       0.00       0.00        0.00        0.00    0.00        0.00        0.00    0.00        0.00  2325.82
CSAN3   82.80   37.29      3.02    4.823      0.0181  0.984      7.00       19.57      -2.66       25.73       25.73   0.2464      0.1029      1.97    0.0595      0.0809 135119000.00
CSMG3   52.20   8.75       0.95    1.255      0.0343  0.558      6.99       5.17       -2.43       7.01        4.71    0.2429      0.1433      1.77    0.1191      0.1085 48547800.00
CSNA3   13.68   -19.69     4.57    0.788      0.0225  0.345      5.33       4.47       -0.57       11.68       8.31    0.1763      -0.025      1.29    0.0952      -0.2321 147150000.00
CSRN3   17.88   10.04      2.47    1.185      0.0092  0.672      6.72       6.70       -1.36       10.00       8.20    0.177       0.1181      1.74    0.1148      0.2456 4789.07
CSRN5   17.40   9.77       2.40    1.154      0.0104  0.654      6.54       6.52       -1.33       9.82        8.06    0.177       0.1181      1.74    0.1148      0.2456 358.00 
CSRN6   16.73   9.39       2.31    1.109      0.0108  0.629      6.29       6.27       -1.28       9.57        7.85    0.177       0.1181      1.74    0.1148      0.2456 114.31 
CTKA3   15.50   4.46       -0.37   0.275      0.00    0.247      0.87       2.64       -0.23       16.16       11.95   0.1043      0.0616      1.86    0.1126      -0.0833 55348.40
CTKA4   11.70   3.37       -0.28   0.208      0.00    0.186      0.66       1.99       -0.18       15.52       11.47   0.1043      0.0616      1.86    0.1126      -0.0833 116454.00
CTNM3   11.00   -1.39      0.37    0.184      0.00    0.079      1.32       -27.42     -0.31       -135.34     19.56   -0.0067     -0.2178     1.20    -0.0032     -0.2665 73842.00
CTNM4   5.80    -0.73      0.19    0.097      0.00    0.042      0.69       -14.46     -0.16       -122.38     17.68   -0.0067     -0.2178     1.20    -0.0032     -0.2665 225578.00
CTSA3   2.98    22.25      1.14    0.706      0.0036  0.517      3.65       7.91       -7.55       12.78       12.78   0.0892      0.0317      1.42    0.072       0.0512 213676.00
CTSA4   2.42    18.07      0.92    0.573      0.0049  0.420      2.97       6.42       -6.13       11.29       11.29   0.0892      0.0317      1.42    0.072       0.0512 118415.00
CVCB3   19.44   12.02      2.12    1.467      0.0214  0.419      1.74       4.12       -5.62       5.72        4.78    0.3563      0.1156      1.49    0.1221      0.1762 127044000.00
CYRE3   24.36   27.87      2.00    2.582      0.0533  0.893      2.88       23.06      36.00       26.18       24.45   0.112       0.1251      2.36    0.0461      0.0719 202045000.00
DASA3   67.00   -1652.79   8.02    6.718      0.0055  2.780      35.71      125.20     -7.23       136.55      45.10   0.0537      -0.0032     1.41    0.0257      -0.0049 7193.07
DIRR3   15.03   23.50      1.77    1.607      0.0333  0.477      1.26       10.32      -2.27       10.71       9.23    0.1557      0.0829      4.24    0.0571      0.0755 24934000.00
DMMO3   1.21    -0.47      -0.31   0.911      0.00    0.270      -0.66      -3.22      -0.16       -8.81       -22.50  -0.2831     -1.9413     0.29    -0.1201     0.6595 10534600.00
DMVF3   12.75   0.00       1.40    0.000      0.00    0.539      -6.25      0.00       -1.55       0.00        0.00    0.00        0.00        0.76    0.00        0.00  4000900.00
DOHL3   19.68   57.49      2.52    3.110      0.0053  2.006      5.01       175.74     7.48        169.76      62.68   0.0177      0.0541      6.68    0.013       0.0437 10486.10
DOHL4   5.22    15.25      0.67    0.825      0.0219  0.532      1.33       46.61      1.98        40.64       15.01   0.0177      0.0541      6.68    0.013       0.0437 135468.00
DTCY3   5.51    -5.92      7.10    2.630      0.00    1.404      -6.63      -15.91     -2.67       -15.70      78.56   -0.1652     -0.4445     0.57    -0.1059     -1.2008 34324.20
DTEX3   15.27   31.00      2.24    2.112      0.0245  0.963      6.09       31.62      -4.62       38.15       12.56   0.0668      0.0681      1.78    0.0382      0.0722 47446400.00
EALT3   12.98   18.45      1.74    1.078      0.0042  0.706      -240.77    14.06      -4.40       17.71       11.78   0.0767      0.0584      0.99    0.0588      0.0944 41842.40
EALT4   4.79    6.81       0.64    0.398      0.0126  0.261      -88.85     5.19       -1.62       8.83        5.88    0.0767      0.0584      0.99    0.0588      0.0944 231614.00
ECOR3   13.37   -37.86     12.14   1.879      0.00    0.652      -11.24     5.97       -0.83       11.50       7.86    0.3145      -0.0496     0.73    0.127       -0.3206 69543700.00
EEEL3   400.00  12.80      1.53    2.899      0.027   0.708      4.77       5.94       -2.50       6.24        5.92    0.488       0.2252      2.44    0.134       0.1198 5622.20
EEEL4   400.00  12.80      1.53    2.899      0.0297  0.708      4.77       5.94       -2.50       6.24        5.92    0.488       0.2252      2.44    0.134       0.1198 5333.18
EGIE3   43.79   13.55      4.81    3.380      0.0539  1.110      13.80      8.86       -2.15       11.88       9.64    0.3815      0.2496      1.47    0.1506      0.3549 87280900.00
EKTR3   19.90   7.78       1.35    0.584      0.00    0.436      18.72      3.70       -1.27       7.22        5.96    0.158       0.0751      1.07    0.1386      0.1735 44.22  
EKTR4   20.50   8.01       1.39    0.602      0.00    0.449      19.28      3.81       -1.31       7.34        6.05    0.158       0.0751      1.07    0.1386      0.1735 6006.22
ELEK3   19.11   24.46      2.66    0.619      0.0225  1.067      3.75       52.11      -110.34     65.77       26.15   0.0119      0.0253      1.94    0.0252      0.1087 1565.40
ELEK4   26.00   33.27      3.62    0.842      0.0165  1.452      5.10       70.89      -150.12     84.56       33.61   0.0119      0.0253      1.94    0.0252      0.1087 10396.50
ELET3   34.08   6.21       0.71    1.636      0.0476  0.290      2.54       3.98       -0.89       6.53        5.73    0.4106      0.2674      1.80    0.082       0.1136 203924000.00
ELET5   37.50   6.83       0.78    1.800      0.00    0.320      2.79       4.38       -0.98       6.93        6.08    0.4106      0.2674      1.80    0.082       0.1136 4448.22
ELET6   35.64   6.49       0.74    1.711      0.0501  0.304      2.66       4.17       -0.93       6.71        5.89    0.4106      0.2674      1.80    0.082       0.1136 112069000.00
EMAE4   29.29   12.40      1.06    2.491      0.0268  0.689      1.91       33.94      8.18        21.08       17.76   0.0734      0.2009      5.85    0.0294      0.0857 141634.00
EMBR3   7.68    -1.37      0.36    0.507      0.00    0.101      0.33       32.53      -0.82       88.95       9.87    0.0156      -0.3661     2.07    0.0042      -0.2625 105284000.00
ENAT3   11.59   8.84       1.06    2.455      0.0986  0.668      2.22       9.69       13.35       5.39        1.97    0.2535      0.2779      3.55    0.1103      0.1198 20768000.00
ENBR3   17.59   8.13       1.14    0.687      0.0332  0.393      6.66       4.42       -1.11       6.90        5.46    0.1554      0.0926      1.29    0.1053      0.1405 42709700.00
ENEV3   49.20   21.56      2.15    4.532      0.00    1.024      10.43      15.82      -3.24       20.25       13.36   0.2864      0.2098      1.90    0.0797      0.0997 73993700.00
ENGI11  45.00   19.41      2.67    0.832      0.0071  0.388      24.81      7.30       -0.68       14.12       9.22    0.1141      0.0459      1.06    0.0612      0.1374 80965000.00
ENGI3   13.00   28.04      3.85    1.202      0.0049  0.561      35.84      10.54      -0.99       17.36       11.34   0.1141      0.0459      1.06    0.0612      0.1374 133807.00
ENGI4   8.07    17.41      2.39    0.746      0.0079  0.348      22.25      6.54       -0.61       13.37       8.73    0.1141      0.0459      1.06    0.0612      0.1374 190429.00
ENMT3   30.00   14.30      2.81    1.355      0.0231  0.755      12.71      8.85       -1.96       13.21       10.30   0.1531      0.0948      1.21    0.1034      0.1969 7027.07
ENMT4   30.00   14.30      2.81    1.355      0.001   0.755      12.71      8.85       -1.96       13.21       10.30   0.1531      0.0948      1.21    0.1034      0.1969 16802.90
EQPA3   3.44    13.14      2.26    1.360      0.0233  0.662      2.88       5.85       -1.97       7.50        6.00    0.2324      0.1035      2.61    0.1431      0.1723 203430.00
EQPA5   6.12    23.38      4.03    2.420      0.0196  1.177      5.13       10.41      -3.51       12.06       9.65    0.2324      0.1035      2.61    0.1431      0.1723 5660.13
EQPA6   10.68   40.81      7.03    4.223      0.0075  2.054      8.96       18.17      -6.12       19.82       15.87   0.2324      0.1035      2.61    0.1431      0.1723 23.73  
EQPA7   5.76    22.01      3.79    2.277      0.026   1.108      4.83       9.80       -3.30       11.45       9.16    0.2324      0.1035      2.61    0.1431      0.1723 9465.91
EQTL3   24.01   8.96       2.70    1.294      0.0133  0.599      4.91       4.53       -1.41       6.69        5.91    0.2858      0.162       1.65    0.1629      0.3013 165207000.00
ESTR4   26.00   -0.65      -0.04   0.197      0.00    0.100      -0.05      -2.28      -0.03       -6.61       -11.06  -0.0864     -0.3023     0.16    -0.0496     0.0665 5507.49
ETER3   4.98    6.41       6.20    0.514      0.00    0.436      7.65       -8.10      -0.91       -10.05      -26.63  -0.0635     0.08        1.15    -0.0648     0.9665 5287950.00
EUCA3   23.00   32.43      1.61    1.396      0.00    0.927      24.59      14.01      -7.42       16.73       8.90    0.0997      0.043       1.14    0.0719      0.0495 350400.00
EUCA4   6.53    9.21       0.46    0.396      0.00    0.263      6.98       3.98       -2.11       6.70        3.56    0.0997      0.043       1.14    0.0719      0.0495 675469.00
EVEN3   13.59   26.13      1.69    1.780      0.0107  0.598      1.16       19.52      3.40        21.64       20.81   0.0912      0.0851      3.02    0.0373      0.0645 42155900.00
EZTC3   38.54   27.81      2.24    9.732      0.0076  1.985      4.87       42.97      5.15        36.61       34.49   0.2264      0.3633      6.15    0.0663      0.0805 118139000.00
FESA3   24.35   13.09      1.25    1.562      0.0291  0.733      5.97       13.94      -6.68       16.04       7.20    0.1121      0.1196      1.68    0.0596      0.0958 3029.22
FESA4   17.30   9.30       0.89    1.110      0.0451  0.521      4.24       9.90       -4.74       12.00       5.39    0.1121      0.1196      1.68    0.0596      0.0958 5541070.00
FHER3   2.94    0.29       -0.91   0.110      0.00    0.102      0.85       -1.96      -0.16       -3.42       -5.39   -0.0565     0.3767      1.35    -0.0647     -3.1092 585872.00
FLRY3   24.76   59.28      5.07    2.971      0.0297  1.454      10.84      24.42      -3.67       27.02       13.45   0.1217      0.0501      1.73    0.0774      0.0856 60712600.00
FRAS3   5.46    42.80      1.42    0.896      0.0132  0.600      1.87       11.83      -10.16      14.13       7.88    0.0758      0.0145      2.66    0.0687      0.0332 526514.00
FRIO3   90.00   -4.03      -18.30  0.247      0.00    0.204      40.83      5.11       -0.85       15.39       9.23    0.0483      -0.0516     1.01    0.0771      4.5433 25496.90
FRTA3   4.70    14.12      -0.14   0.892      0.00    0.267      -0.12      -3.70      -0.10       -28.58      -41.42  -0.2412     0.0632      0.07    -0.0849     -0.0099 30609.30
GBIO33  10.35   -14.90     1.32    1.510      0.00    0.787      7.54       13.47      17.49       16.00       16.00   0.1121      -0.1014     1.31    0.0712      -0.0883 6240580.00
GEPA3   41.26   13.70      2.21    2.748      0.0804  0.861      -14.58     7.44       -3.01       7.48        5.27    0.3695      0.2006      0.85    0.2401      0.1616 63264.70
GEPA4   48.10   15.97      2.58    3.203      0.0689  1.003      -17.00     8.67       -3.51       8.71        6.14    0.3695      0.2006      0.85    0.2401      0.1616 27791.50
GFSA3   5.45    -290.40    0.91    2.954      0.00    0.378      1.20       27.45      2.59        30.11       24.09   0.1076      -0.0115     1.76    0.0183      -0.0031 52099800.00
GGBR3   15.15   28.41      0.87    0.696      0.0046  0.416      2.25       14.10      -2.46       21.91       9.98    0.0493      0.0248      2.14    0.0354      0.0305 1919150.00
GGBR4   17.99   33.73      1.03    0.826      0.0039  0.494      2.67       16.75      -2.93       24.56       11.18   0.0493      0.0248      2.14    0.0354      0.0305 269442000.00
GNDI3   66.84   65.60      5.96    4.186      0.0025  2.821      68.01      31.31      -10.25      31.27       25.36   0.1337      0.0638      1.20    0.1059      0.0908 232306000.00
GOAU3   7.34    24.10      0.72    0.213      0.0054  0.127      0.69       4.34       -0.76       12.18       5.53    0.0491      0.0246      2.15    0.0352      0.0297 864473.00
GOAU4   8.31    27.29      0.81    0.241      0.0048  0.144      0.78       4.91       -0.86       12.76       5.79    0.0491      0.0246      2.15    0.0352      0.0297 115785000.00
GOLL4   18.68   -1.59      -0.51   0.603      0.00    0.450      -0.79      8.85       -0.29       20.95       5.88    0.0682      -0.3624     0.32    0.0659      0.3211 245938000.00
GPCP3   51.99   11.56      1.72    0.384      0.0059  0.377      6.35       6.20       -0.98       9.38        6.77    0.0619      0.035       1.19    0.0672      0.1488 1218780.00
GPIV33  4.70    -2.17      0.40    -1.727     0.00    0.185      0.64       -0.98      1.80        0.58        0.58    1.7653      2.1512      11.14   -0.2714     -0.1851 852718.00
GRND3   7.71    19.20      1.95    4.148      0.0321  1.783      3.59       25.37      3.77        21.51       15.97   0.1635      0.2161      8.69    0.1051      0.1018 12479700.00
GSHP3   48.60   -0.19      -0.19   0.881      0.00    0.054      0.70       5.83       -0.05       99.74       86.86   0.1512      -4.592      1.47    0.011       1.0157 51838.20
GUAR3   17.80   53.96      1.81    1.300      0.0285  0.735      5.08       137.61     -21.82      162.61      18.31   0.0094      0.0241      1.35    0.0067      0.0336 25301900.00
HAGA3   3.06    10.03      -0.47   1.678      0.00    0.648      1.72       -31.93     -0.42       -33.25      70.69   -0.0526     0.1674      1.86    -0.0633     -0.0469 157660.00
HAGA4   1.82    5.96       -0.28   0.998      0.00    0.385      1.02       -18.99     -0.25       -20.30      43.18   -0.0526     0.1674      1.86    -0.0633     -0.0469 739803.00
HAPV3   64.12   55.10      6.18    6.565      0.0027  3.596      40.74      37.70      -21.05      37.48       27.56   0.1742      0.1194      1.55    0.1174      0.1122 125187000.00
HBOR3   13.71   -29.23     1.49    1.580      0.00    0.413      0.83       -51.03     5.56        -76.80      -96.71  -0.031      -0.0552     3.24    -0.0095     -0.0509 69426100.00
HBTS5   25.00   -3.47      0.98    9.557      0.002   0.184      -1.62      -3.72      -0.28       -5.73       -5.86   -2.5693     -2.7476     0.56    -0.0501     -0.2816 100165.00
HETA4   8.35    1.19       -0.01   3.640      0.00    0.420      -0.11      4.86       -0.01       375.39      375.39  0.7487      3.065       0.01    0.0875      -0.0094 88757.60
HGTX3   16.43   10.30      1.78    2.214      0.0275  1.295      3.28       35.28      3.52        31.91       14.56   0.0628      0.2149      2.60    0.053       0.173 53455600.00
HOOT4   2.66    -0.31      -0.13   0.548      0.00    0.100      -0.09      -0.40      -0.06       -0.37       -0.40   -1.3833     -1.7616     0.05    -0.2602     0.4064 32079.50
HYPE3   33.50   18.57      2.34    5.569      0.0342  1.354      3.51       24.53      14.12       24.10       21.13   0.227       0.2999      3.93    0.0844      0.126 141348000.00
IDVL3   2.63    -1.81      0.79    0.000      0.00    0.000      0.00       0.00       0.00        0.00        0.00    0.00        0.00        0.00    0.00        -0.4375 289856.00
IDVL4   2.70    -1.85      0.81    0.000      0.00    0.000      0.00       0.00       0.00        0.00        0.00    0.00        0.00        0.00    0.00        -0.4375 48311.40
IGBR3   3.48    -37.35     -0.05   17.442     0.00    0.175      -0.49      -26.81     -0.04       -611.10     -611.10 -0.6505     -0.4669     0.03    -0.0071     0.0013 465084.00
IGTA3   34.77   24.05      2.02    8.679      0.012   0.983      7.52       17.02      -3.39       21.69       15.64   0.5101      0.3639      2.44    0.0709      0.084 77854000.00
INEP3   5.77    -0.10      -0.02   3.602      0.00    0.034      -0.02      -0.14      -0.01       -2.16       -2.24   -24.8673    -34.3224    0.12    -0.253      0.2302 22344.70
INEP4   5.90    -0.10      -0.02   3.683      0.00    0.034      -0.03      -0.15      -0.02       -2.16       -2.24   -24.8673    -34.3224    0.12    -0.253      0.2302 56021.50
IRBR3   7.77    0.00       0.00    0.000      0.0608  0.000      0.00       0.00       0.00        0.00        0.00    0.00        0.00        0.00    0.00        0.00  494496000.00
ITSA3   11.73   14.09      1.87    19.724     0.0451  1.499      25.14      557.40     -31.58      563.95      115.53  0.0354      1.4426      2.36    0.0029      0.1324 2602470.00
ITSA4   9.93    11.93      1.58    16.697     0.0533  1.269      21.28      471.86     -26.73      478.42      98.01   0.0354      1.4426      2.36    0.0029      0.1324 310255000.00
ITUB3   23.40   11.52      1.81    0.000      0.0523  0.000      0.00       0.00       0.00        0.00        0.00    0.00        0.00        0.00    0.00        0.1576 19102600.00
ITUB4   24.73   12.17      1.92    0.000      0.0495  0.000      0.00       0.00       0.00        0.00        0.00    0.00        0.00        0.00    0.00        0.1576 1021060000.00
JBDU3   2.49    -2.88      0.18    0.000      0.00    0.065      0.00       -3.67      0.00        -5.02       -5.02   0.00        0.00        0.00    0.00        -0.0642 30091.80
JBDU4   1.44    -1.66      0.11    0.000      0.00    0.038      0.00       -2.12      0.00        -3.47       -3.47   0.00        0.00        0.00    0.00        -0.0642 82882.20
JBSS3   23.30   266.74     1.77    0.272      0.0232  0.392      2.29       3.40       -1.06       6.32        4.61    0.08        0.0018      1.80    0.1557      0.0066 364405000.00
JFEN3   4.33    -1.12      1.36    4.612      0.00    0.260      0.94       -3.09      -5.65       -7.18       -7.25   -1.4916     -4.331      1.52    -0.0878     -1.209 219538.00
JHSF3   8.46    9.99       1.79    7.329      0.0076  0.912      9.25       18.11      -2.87       20.40       18.84   0.4046      0.731       2.44    0.0552      0.1789 117458000.00
JOPA3   27.00   10.53      0.55    0.221      0.0106  0.148      0.54       3.21       18.45       9.90        8.38    0.0687      0.027       1.73    0.0594      0.0523 920.04 
JOPA4   28.00   10.92      0.57    0.229      0.0113  0.154      0.56       3.33       19.13       10.02       8.48    0.0687      0.027       1.73    0.0594      0.0523 1803.40
JPSA3   25.00   21.90      1.42    3.101      0.0046  0.345      2.71       6.51       -1.16       11.69       8.27    0.476       0.3221      2.35    0.0651      0.0647 6350660.00
JSLG3   30.38   26.33      4.50    0.655      0.008   0.279      0.87       7.36       -0.73       17.75       7.99    0.089       0.0267      2.69    0.0676      0.1709 32557600.00
KEPL3   43.61   18.82      2.34    2.085      0.0091  1.575      8.30       22.03      11.03       20.63       13.20   0.0946      0.1108      1.68    0.0929      0.1241 5415040.00
KLBN11  25.15   -9.96      10.01   2.599      0.019   0.750      2.34       12.15      -1.44       21.21       10.21   0.2138      -0.2502     5.65    0.0881      -1.0049 142198000.00
KLBN3   5.19    -10.28     10.33   2.681      0.0184  0.774      2.41       12.54      -1.49       21.60       10.40   0.2138      -0.2502     5.65    0.0881      -1.0049 1447390.00
KLBN4   4.99    -9.88      9.93    2.578      0.0192  0.744      2.32       12.06      -1.43       21.12       10.16   0.2138      -0.2502     5.65    0.0881      -1.0049 7382670.00
LAME3   28.90   91.68      9.99    2.736      0.0054  1.536      5.44       25.23      -7.65       28.82       17.11   0.1084      0.0252      1.93    0.1245      0.1089 72596500.00
LAME4   34.24   108.62     11.83   3.242      0.0046  1.819      6.45       29.89      -9.06       33.48       19.88   0.1084      0.0252      1.93    0.1245      0.1089 412091000.00
LCAM3   20.35   41.82      2.63    2.190      0.0218  0.915      11.41      16.88      -2.39       22.51       11.95   0.1297      0.0524      1.43    0.0764      0.0628 59417100.00
LEVE3   17.80   19.44      1.76    1.050      0.0359  0.885      4.23       8.68       22.04       9.37        6.77    0.121       0.0527      1.63    0.1328      0.0903 8963160.00
LIGT3   15.88   3.79       0.72    0.376      0.00    0.200      6.89       4.73       -0.41       12.57       7.96    0.0796      0.0994      1.14    0.0494      0.191 45091100.00
LINX3   36.01   2291.87    4.06    8.113      0.0031  2.746      11.95      45.70      33.05       43.66       22.61   0.1775      0.0035      2.30    0.0811      0.0018 103305000.00
LIPR3   82.11   30.01      4.87    0.000      0.00    4.224      0.00       56.51      0.00        51.23       51.22   0.00        0.00        0.00    0.00        0.1623 2773.07
LJQQ3   13.50   0.00       17.39   0.000      0.00    1.545      5.93       0.00       -6.39       0.00        0.00    0.00        0.00        1.64    0.00        0.00  17791200.00
LLIS3   5.06    -1.81      0.40    0.382      0.00    0.129      -1.32      -1.40      -0.32       -6.56       2.74    -0.2731     -1.7309     0.74    -0.1093     -0.2192 1662540.00
LOGG3   35.19   36.00      1.22    26.399     0.006   0.893      7.02       34.01      -12.58      37.48       37.22   0.7762      0.7582      3.04    0.03        0.0338 15267300.00
LOGN3   16.15   -12.79     8.39    1.623      0.00    0.855      2.83       19.54      -1.98       28.38       11.87   0.0831      -0.1269     2.85    0.0714      -0.6556 15476400.00
LPSB3   4.69    -43.50     4.30    4.757      0.00    1.856      6.08       31.45      -16.10      25.34       13.21   0.1512      -0.0375     2.92    0.0971      -0.099 6346030.00
LREN3   41.61   34.92      7.06    3.463      0.0077  2.819      18.44      13.88      -72.72      14.20       10.81   0.2495      0.0992      1.37    0.2607      0.2022 307578000.00
LUPA3   2.20    -0.78      0.74    4.236      0.00    0.110      0.43       -1.70      -0.24       -6.64       -9.29   -2.4989     -5.3334     2.91    -0.0669     -0.9513 1539780.00
LUXM4   41.84   16.54      2.11    1.849      0.1452  1.235      8.36       14.70      -10.30      16.39       7.65    0.1257      0.1118      2.01    0.0876      0.1273 96435.20
LWSA3   53.10   420.72     10.37   15.584     0.00    5.642      13.99      157.53     21.68       148.89      64.33   0.0989      0.037       2.29    0.0703      0.0246 76658000.00
MAPT4   54.00   -269.71    -8.77   0.000      0.00    64.199     0.00       -306.33    0.00        -306.33     -306.33 0.00        0.00        0.00    0.00        0.0325 20921.40
MDIA3   38.08   18.74      2.07    1.908      0.0066  1.367      9.10       19.21      24.84       19.80       14.47   0.0993      0.1018      1.61    0.0868      0.1105 38616700.00
MDNE3   9.98    -4.93      0.86    3.186      0.00    0.400      1.44       49.89      -13.83      57.02       47.76   0.0639      -0.6759     2.21    0.0086      -0.1739 6917740.00
MEAL3   3.98    -21.12     0.93    0.709      0.00    0.410      -3.23      -70.96     -1.10       -88.18      25.57   -0.01       -0.0336     0.59    -0.0069     -0.0439 60880400.00
MERC3   25.00   41.34      1.82    0.000      0.00    0.000      0.00       0.00       0.00        0.00        0.00    0.00        0.00        0.00    0.00        0.0441 11407.00
MERC4   12.34   20.40      0.90    0.000      0.04    0.000      0.00       0.00       0.00        0.00        0.00    0.00        0.00        0.00    0.00        0.0441 127670.00
MGEL4   5.75    -0.36      -0.07   0.058      0.00    0.084      0.30       0.54       -0.05       11.87       9.13    0.1072      -0.1658     2.23    0.2117      0.1981 78329.70
MGLU3   81.76   161.89     17.65   6.389      0.0024  7.501      28.40      175.76     325.71      173.42      99.77   0.0364      0.0395      1.79    0.069       0.109 889290000.00
MILS3   6.94    -35.43     1.60    2.949      0.00    1.196      6.07       -50.87     19.50       -49.47      12.37   -0.058      -0.0832     2.70    -0.0301     -0.0451 17380400.00
MMXM3   1.80    -0.06      -0.01   22.944     0.00    0.093      -0.01      -0.11      -0.01       -2.47       -2.47   -200.517    -358.053    0.03    -1.3955     0.227 63880.80
MNDL3   24.92   -4.92      -0.42   0.130      0.00    0.059      -0.09      2.01       -0.07       7.91        5.54    0.0645      -0.0263     0.29    0.0315      0.0858 104290.00
MNPR3   5.73    -2.19      -0.11   0.169      0.00    0.187      -0.10      0.83       -0.08       0.81        0.73    0.2043      -0.0769     0.17    0.2363      0.0494 122690.00
MOAR3   185.00  -33.26     2.59    2529.500   0.0331  1.510      6.12       -47.20     -91.24      -42.12      -42.86  -53.5938    -77.7176    2.61    -0.0503     -0.0778 78047.70
MOVI3   17.02   156.11     2.33    1.233      0.0173  0.682      11.41      9.87       -1.92       13.78       7.95    0.125       0.0079      1.20    0.1142      0.015 49650700.00
MRFG3   15.26   6.85       29.56   0.183      0.00    0.295      2.61       1.52       -0.58       4.05        3.44    0.1203      0.0541      1.37    0.2739      4.3139 179119000.00
MRVE3   18.30   16.81      1.61    1.433      0.0373  0.515      1.73       11.23      -3.11       15.20       13.58   0.1276      0.0981      2.53    0.0523      0.096 86938800.00
MSPA3   49.50   -7.45      0.36    2.628      0.00    0.222      4.59       -8.98      -0.71       -9.68       -16.97  -0.2927     -0.3529     2.74    -0.0256     -0.049 318.89 
MSPA4   48.80   -7.34      0.36    2.591      0.00    0.219      4.53       -8.85      -0.70       -9.55       -16.74  -0.2927     -0.3529     2.74    -0.0256     -0.049 883.51 
MTIG4   39.02   0.67       0.26    0.068      0.00    0.072      -0.28      19.72      -0.18       150.89      14.40   0.0034      0.1018      0.56    0.0042      0.3964 11438.40
MTRE3   14.13   104.31     1.54    5.051      0.00    1.216      1.68       59.45      1.88        28.99       27.00   0.085       0.0486      6.41    0.0646      0.0148 12516300.00
MTSA4   22.00   5.05       0.74    0.656      0.0364  0.526      1.04       8.92       1.11        7.33        5.17    0.0736      0.1299      2.96    0.0774      0.1466 183642.00
MULT3   22.67   26.58      2.31    10.821     0.0126  1.294      19.74      16.91      -4.53       19.94       15.50   0.6398      0.4065      1.73    0.0863      0.0871 130354000.00
MWET3   66.41   -3.51      -0.63   0.785      0.00    0.782      -1.08      -11.64     -0.39       -17.83      -28.85  -0.0674     -0.2236     0.25    -0.0821     0.1807 82836.60
MWET4   7.00    -0.37      -0.07   0.083      0.00    0.082      -0.11      -1.23      -0.04       -7.41       -11.99  -0.0674     -0.2236     0.25    -0.0821     0.1807 813033.00
MYPK3   12.58   -10.79     0.51    0.234      0.0528  0.163      2.51       35.79      -0.56       103.09      10.62   0.0065      -0.0134     1.21    0.0056      -0.0476 31614000.00
NEOE3   19.71   10.79      1.19    0.850      0.0207  0.394      7.03       4.99       -0.98       9.54        7.23    0.1702      0.0814      1.28    0.0909      0.1104 52469800.00
NORD3   5.40    -11917.80  -0.26   23.097     0.00    2.100      -0.74      -51.30     -0.23       -104.53     -104.53 -0.4503     -0.0019     0.02    -0.0419     0.00  40987.40
NTCO3   51.43   -61.11     2.77    2.224      0.00    1.054      15.33      36.05      -3.10       43.48       43.48   0.0617      -0.0367     1.33    0.0372      -0.0453 300102000.00
NUTR3   111.00  0.39       1.04    0.207      0.00    0.238      1.16       -24.08     -0.89       -37.89      -245.65 -0.0086     0.534       1.68    -0.0119     2.6891 151306.00
ODPV3   13.35   22.39      5.83    3.950      0.0313  3.602      15.63      13.39      24.87       11.91       11.42   0.2951      0.1754      1.78    0.4542      0.2602 26766000.00
OFSA3   29.50   31.65      3.08    2.505      0.0006  1.722      7.30       19.64      20.46       21.99       16.67   0.1276      0.0791      1.82    0.1069      0.0974 577578.00
OIBR3   1.62    -0.54      1.19    0.502      0.00    0.132      1.33       -5.38      -0.21       -16.56      5.83    -0.0934     -0.9274     1.61    -0.0286     -2.1917 442730000.00
OIBR4   2.41    -0.81      1.78    0.747      0.00    0.196      1.98       -8.00      -0.31       -19.19      6.75    -0.0934     -0.9274     1.61    -0.0286     -2.1917 31667200.00
OMGE3   36.99   256.08     2303.64 7.782      0.00    820.946    10801.00   21.88      -1608.54    21.89       15.79   0.3557      0.0363      2.47    41.7863     8.9957 33350700.00
OSXB3   4.41    -0.03      -0.00   1.292      0.00    0.007      -0.03      -1.33      -0.00       -422.84     -426.67 -0.9747     -49.0786    0.03    -0.0059     0.1083 82257.00
PARD3   28.88   34.27      5.29    3.051      0.0083  2.027      15.03      23.90      -8.06       24.77       15.38   0.1277      0.0891      1.59    0.1096      0.1543 19897300.00
PATI3   24.20   4.33       0.85    0.414      0.0074  0.391      0.81       9.73       1.70        10.65       8.77    0.0426      0.0957      2.64    0.0696      0.1975 91716.50
PATI4   30.81   5.51       1.09    0.528      0.0454  0.498      1.04       12.39      2.16        13.31       10.96   0.0426      0.0957      2.64    0.0696      0.1975 22127.60
PCAR3   65.62   43.16      1.40    0.247      0.0089  0.279      -40.11     3.65       -0.67       5.71        4.00    0.0676      0.0069      0.98    0.1117      0.0325 134492000.00
PDGR3   4.29    -0.04      -0.01   0.169      0.00    0.019      -0.01      -0.42      -0.01       -19.85      -20.53  -0.4069     -3.8281     0.36    -0.0528     0.1479 500446.00
PDTC3   6.33    102.84     5.66    20.858     0.00    1.453      5.56       505.18     -66.90      518.83      262.62  0.0413      0.2028      1.57    0.004       0.0551 2501350.00
PEAB3   60.00   211.29     1.50    6.265      0.0604  1.167      3.98       109.50     6.43        87.84       87.84   0.0572      0.0275      3.70    0.0146      0.0071 1456.96
PEAB4   60.00   211.29     1.50    6.265      0.0665  1.167      3.98       109.50     6.43        87.84       87.84   0.0572      0.0275      3.70    0.0146      0.0071 266.67 
PETR3   23.25   -8.92      1.25    1.099      0.0188  0.299      5.25       3.55       -0.53       8.11        4.61    0.3096      -0.1274     1.40    0.0966      -0.14 341529000.00
PETR4   22.67   -8.70      1.22    1.071      0.0274  0.291      5.12       3.46       -0.52       8.02        4.56    0.3096      -0.1274     1.40    0.0966      -0.14 1388790000.00
PFRM3   5.75    33.47      0.71    0.139      0.00    0.199      1.43       3.70       -5.82       6.99        4.15    0.0376      0.0042      1.25    0.0906      0.0212 7368070.00
PINE4   2.98    -9.46      0.52    0.000      0.00    0.000      0.00       0.00       0.00        0.00        0.00    0.00        0.00        0.00    0.00        -0.0552 987102.00
PLAS3   4.60    1.80       -0.42   0.158      0.00    0.099      -0.46      -1.03      -0.09       -3.66       12.90   -0.1535     0.0875      0.45    -0.105      -0.2329 64712.50
PMAM3   11.83   -0.55      -2.57   0.114      0.00    0.134      -0.24      -2.41      -0.21       -15.20      -48.59  -0.0475     -0.2084     0.42    -0.0667     4.6879 2435690.00
PNVL3   24.55   47.74      6.96    1.338      0.0039  2.341      10.48      32.23      -41.14      36.39       19.61   0.0415      0.028       1.58    0.1025      0.1458 15820200.00
PNVL4   20.80   40.45      5.90    1.133      0.005   1.984      8.88       27.31      -34.86      31.46       16.96   0.0415      0.028       1.58    0.1025      0.1458 728413.00
POMO3   2.66    22.78      1.02    0.631      0.0387  0.434      1.85       11.79      -9.93       17.91       12.45   0.0535      0.0266      1.82    0.0461      0.0448 1091680.00
POMO4   2.77    23.72      1.06    0.657      0.0372  0.452      1.92       12.28      -10.34      18.40       12.78   0.0535      0.0266      1.82    0.0461      0.0448 33699000.00
POSI3   5.08    121.23     0.82    0.398      0.0063  0.303      1.15       20.68      1.81        28.52       12.58   0.0193      0.0056      1.50    0.0233      0.0068 24613800.00
PRIO3   43.09   13.23      2.42    4.177      0.00    0.936      155.71     35.46      -2.33       49.59       8.92    0.1178      0.3158      1.03    0.0285      0.1827 132325000.00
PRNR3   9.96    -21.55     1.73    1.295      0.00    1.096      2.14       -46.43     3.17        -37.80      25.18   -0.0279     -0.0793     3.56    -0.043      -0.0803 3759140.00
PSSA3   56.96   11.63      2.17    1.020      0.039   0.557      2.50       1.28       27.13       0.33        0.33    0.7949      0.0878      1.41    0.7399      0.1864 44384400.00
PTBL3   4.37    8.77       1.68    0.622      0.0091  0.352      4.02       -238.17    -0.98       -398.99     21.98   -0.0026     0.071       1.25    -0.0019     0.192 7907120.00
PTNT3   6.35    13.93      1.21    0.532      0.0114  0.440      5.35       11.83      -6.75       16.28       8.00    0.045       0.0658      1.20    0.0476      0.0868 60219.60
PTNT4   4.56    10.00      0.87    0.382      0.0159  0.316      3.84       8.49       -4.85       12.95       6.36    0.045       0.0658      1.20    0.0476      0.0868 213920.00
QUAL3   28.13   21.81      5.31    3.918      0.124   2.293      13.79      10.36      -9.04       11.27       7.54    0.3782      0.1798      2.12    0.2947      0.2432 119628000.00
RADL3   112.98  52.33      9.19    1.985      0.0058  2.926      17.57      42.57      -14.94      44.23       20.17   0.0466      0.0387      1.53    0.0855      0.1755 167024000.00
RAIL3   22.81   74.20      4.40    5.171      0.00    1.005      23.00      18.46      -1.60       24.51       12.97   0.2802      0.0706      1.47    0.0607      0.0593 176551000.00
RANI3   3.99    -37.70     2.77    1.138      0.0018  0.653      9.02       6.78       -1.47       11.27       6.35    0.1679      -0.0302     1.29    0.1094      -0.0735 5584380.00
RANI4   6.36    -60.09     4.42    1.814      0.0011  1.041      14.38      10.80      -2.35       15.29       8.62    0.1679      -0.0302     1.29    0.1094      -0.0735 114380.00
RAPT3   8.90    16.22      1.76    0.647      0.019   0.446      1.20       7.58       -7.58       10.41       7.33    0.0853      0.0477      2.52    0.0938      0.1087 110926.00
RAPT4   11.13   20.29      2.21    0.809      0.0152  0.557      1.51       9.48       -9.48       12.31       8.67    0.0853      0.0477      2.52    0.0938      0.1087 35626100.00
RCSL4   1.49    -35.38     -1.65   5.823      0.00    2.976      -9.41      377.85     -1.22       376.00      143.95  0.0154      -0.165      0.54    0.0082      0.0467 9818720.00
RDNI3   10.07   -102.74    0.73    1.282      0.0009  0.283      1.61       21.21      -1.34       39.01       31.76   0.0604      -0.0092     1.79    0.0144      -0.0071 513336.00
REDE3   10.40   43.59      5.93    2.024      0.0034  1.047      17.21      14.73      -2.28       19.36       13.59   0.1374      0.065       1.25    0.083       0.136 17614.50
RENT3   49.58   49.88      6.89    3.864      0.0074  1.973      15.91      28.36      -4.11       34.44       21.28   0.1362      0.0775      2.13    0.0867      0.138 337785000.00
RLOG3   20.79   49.89      3.99    1.381      0.00    0.230      3.88       4.74       -0.37       10.84       5.87    0.2914      0.0999      1.52    0.0567      0.0799 23736700.00
RNEW11  9.09    -0.14      -0.11   2.551      0.00    0.054      -0.04      -1.12      -0.04       -14.86      -17.40  -2.272      -17.8559    0.03    -0.0583     0.7737 206897.00
RNEW3   3.38    -0.16      -0.12   2.845      0.00    0.060      -0.05      -1.25      -0.04       -14.99      -17.55  -2.272      -17.8559    0.03    -0.0583     0.7737 189542.00
RNEW4   2.80    -0.13      -0.10   2.357      0.00    0.050      -0.04      -1.04      -0.03       -14.78      -17.30  -2.272      -17.8559    0.03    -0.0583     0.7737 252368.00
ROMI3   12.86   8.17       1.00    0.964      0.0972  0.526      2.08       13.38      5.25        18.19       11.59   0.072       0.1182      1.79    0.0454      0.1222 3682120.00
RPAD3   5.60    10.58      0.46    2155.540   0.0001  0.457      -134.23    -110.98    -122.03     -109.05     -109.05 -19.4227    203.691     0.73    -0.0042     0.0437 26820.40
RPAD5   8.47    16.01      0.70    3260.260   0.0621  0.691      -203.02    -167.86    -184.58     -165.93     -165.93 -19.4227    203.691     0.73    -0.0042     0.0437 8368.82
RPAD6   5.74    10.85      0.47    2209.430   0.0001  0.468      -137.58    -113.76    -125.08     -111.82     -111.82 -19.4227    203.691     0.73    -0.0042     0.0437 8088.49
RPMG3   2.78    -1.28      -0.07   0.360      0.00    0.071      -0.08      -3.41      -0.06       -3.41       -3.41   -0.1054     -0.2811     0.49    -0.021      0.0512 355843.00
RSID3   6.10    -0.47      -0.16   2.161      0.00    0.055      -0.10      -1.27      -0.06       -17.45      -18.91  -1.7006     -4.6929     0.40    -0.0488     0.34  1460950.00
RSUL4   145.90  4.76       14.52   0.525      0.00    0.434      -1.65      3.71       -0.66       3.81        3.09    0.1415      0.1104      0.54    0.1216      3.0514 2521.64
SANB11  28.90   8.23       1.45    0.000      0.0971  0.000      0.00       0.00       0.00        0.00        0.00    0.00        0.00        0.00    0.00        0.1766 105215000.00
SANB3   13.92   7.93       1.40    0.000      0.096   0.000      0.00       0.00       0.00        0.00        0.00    0.00        0.00        0.00    0.00        0.1766 2694200.00
SANB4   15.16   8.64       1.53    0.000      0.0969  0.000      0.00       0.00       0.00        0.00        0.00    0.00        0.00        0.00    0.00        0.1766 2755930.00
SAPR11  28.36   7.32       1.32    1.742      0.0363  0.669      24.46      4.32       -1.88       5.72        4.87    0.4033      0.2378      1.25    0.1691      0.1803 71753000.00
SAPR3   5.90    7.62       1.37    1.812      0.0323  0.696      25.45      4.49       -1.96       5.89        5.01    0.4033      0.2378      1.25    0.1691      0.1803 2117400.00
SAPR4   5.64    7.28       1.31    1.732      0.0371  0.665      24.32      4.29       -1.87       5.69        4.85    0.4033      0.2378      1.25    0.1691      0.1803 20442800.00
SBSP3   56.42   19.42      1.81    2.075      0.0244  0.791      -55.11     6.57       -1.80       8.79        6.62    0.3158      0.1069      0.90    0.1305      0.0934 224375000.00
SCAR3   40.50   57.68      1.56    7.483      0.009   0.749      7.92       15.08      -2.28       22.13       17.06   0.4964      0.1331      2.02    0.0584      0.027 460934.00
SEER3   15.11   20.04      1.47    1.519      0.02    0.784      8.29       8.82       -3.27       8.63        5.16    0.1722      0.0758      1.72    0.0972      0.0732 20120000.00
SGPS3   6.68    -0.94      0.29    0.253      0.00    0.106      1.63       5.99       -0.41       19.59       7.80    0.0423      -0.2697     1.21    0.02        -0.3043 1539940.00
SHOW3   2.58    -3.03      0.67    0.989      0.00    0.278      1.62       -6.10      -12.06      -4.09       -14.05  -0.1623     -0.3356     1.44    -0.0756     -0.2231 2568840.00
SHUL4   11.65   11.04      1.62    0.984      0.018   0.654      1.84       12.33      14.08       15.05       10.07   0.0799      0.0891      2.24    0.0799      0.1463 2635440.00
SLCE3   23.90   13.66      1.59    1.348      0.033   0.595      3.40       7.95       -4.32       10.69       8.92    0.1696      0.1019      1.61    0.0887      0.1166 31590100.00
SLED3   1.32    -0.22      -0.33   0.111      0.00    0.092      -2.43      -0.56      -0.09       -3.83       -11.42  -0.1996     -0.5069     0.88    -0.195      1.50  175299.00
SLED4   0.74    -0.12      -0.18   0.062      0.00    0.052      -1.36      -0.31      -0.05       -3.59       -10.69  -0.1996     -0.5069     0.88    -0.195      1.50  809591.00
SMLS3   14.98   4.83       1.47    2.446      0.0738  0.578      1.91       4.23       3.86        0.85        0.79    0.5785      0.5063      1.66    0.2696      0.3051 34715000.00
SMTO3   24.60   13.13      2.57    2.197      0.0219  0.731      5.47       9.48       -1.74       14.48       5.91    0.2318      0.1674      1.83    0.0918      0.1955 36228500.00
SNSY5   7.05    -0.32      -0.04   0.125      0.00    0.156      -0.31      -0.75      -0.04       -1.92       -2.58   -0.1662     -0.4036     0.49    -0.2437     0.1301 121690.00
SOMA3   11.59   0.00       13.11   0.000      0.00    4.173      74.19      0.00       -31.11      0.00        0.00    0.00        0.00        1.11    0.00        0.00  14227000.00
SOND5   55.00   21.85      2.44    2.066      0.0166  1.720      4.10       22.03      5.88        17.27       13.49   0.0938      0.0946      3.49    0.1269      0.1117 2109.56
SOND6   36.00   14.30      1.60    1.352      0.0253  1.126      2.69       14.42      3.85        9.66        7.54    0.0938      0.0946      3.49    0.1269      0.1117 1430.76
SPRI3   10.90   -8.18      874.00  0.000      0.00    839.100    0.00       -6.32      0.00        -6.32       -6.36   0.00        0.00        0.00    0.00        -106.86 53888.20
SPRI5   9.15    -6.87      733.68  0.000      0.00    704.382    0.00       -5.30      0.00        -5.30       -5.34   0.00        0.00        0.00    0.00        -106.86 2997.91
SPRI6   12.35   -9.27      990.27  0.000      0.00    950.723    0.00       -7.16      0.00        -7.16       -7.21   0.00        0.00        0.00    0.00        -106.86 2001.27
SQIA3   23.82   715.10     3.88    8.724      0.00    2.773      5.50       692.70     8.68        586.10      65.64   0.0126      0.0123      5.96    0.0091      0.0054 23720300.00
STBP3   5.34    -789.91    2.70    3.850      0.0033  1.099      12.95      94.42      -2.57       96.64       20.36   0.0408      -0.0049     2.06    0.0133      -0.0034 18952800.00
SULA11  47.60   14.70      2.50    0.875      0.0247  0.659      1.92       15.21      -25.68      4.74        4.35    0.0575      0.0595      1.93    0.0921      0.1704 158997000.00
SULA3   19.80   18.34      3.13    1.092      0.0198  0.822      2.39       18.98      -32.05      8.51        7.81    0.0575      0.0595      1.93    0.0921      0.1704 155618.00
SULA4   13.74   12.73      2.17    0.758      0.0285  0.570      1.66       13.17      -22.24      2.70        2.48    0.0575      0.0595      1.93    0.0921      0.1704 182927.00
SUZB3   50.49   -3.87      27.59   2.401      0.00    0.633      8.62       13.92      -0.82       27.73       12.64   0.1724      -0.6203     1.57    0.0526      -7.1328 296522000.00
TAEE11  29.26   7.54       1.86    4.079      0.0548  0.745      3.80       7.10       -2.35       10.84       10.73   0.5748      0.5412      3.23    0.1188      0.247 72739600.00
TAEE3   9.79    7.57       1.87    4.094      0.0546  0.748      3.81       7.12       -2.36       10.86       10.76   0.5748      0.5412      3.23    0.1188      0.247 590540.00
TAEE4   9.85    7.61       1.88    4.119      0.0542  0.752      3.84       7.17       -2.38       10.91       10.80   0.5748      0.5412      3.23    0.1188      0.247 1039200.00
TASA3   5.30    -3.83      -1.27   0.379      0.00    0.382      4.02       2.86       -0.60       7.77        6.94    0.1324      -0.0989     1.17    0.1605      0.3325 904334.00
TASA4   6.05    -4.38      -1.45   0.433      0.00    0.436      4.59       3.27       -0.69       8.17        7.30    0.1324      -0.0989     1.17    0.1605      0.3325 10450000.00
TCNO3   2.14    -49.02     53.66   0.000      0.00    0.061      0.00       -2.33      0.00        -7.83       -9.05   0.00        0.00        0.00    0.00        -1.0947 108398.00
TCNO4   1.49    -34.13     37.36   0.000      0.00    0.042      0.00       -1.62      0.00        -7.12       -8.24   0.00        0.00        0.00    0.00        -1.0947 149928.00
TCSA3   11.31   -3.96      0.99    2.931      0.00    0.513      3.36       -8.94      -3.97       -10.04      -10.96  -0.3278     -0.7595     1.78    -0.0674     -0.25 26838800.00
TECN3   1.08    -0.65      0.26    0.287      0.00    0.125      0.39       -2.03      3.54        -4.06       -3.14   -0.1414     -0.441      2.36    -0.076      -0.3981 1161320.00
TEKA3   25.01   -0.10      -0.01   0.087      0.00    0.013      -0.01      -1.13      -0.00       -43.49      -77.94  -0.0764     -0.8784     0.02    -0.0183     0.0798 98135.80
TEKA4   9.32    -0.04      -0.00   0.032      0.00    0.005      -0.00      -0.42      -0.00       -42.78      -76.66  -0.0764     -0.8784     0.02    -0.0183     0.0798 418564.00
TELB3   158.01  -169.45    6.68    43.493     0.00    2.510      10.93      -39.61     -7.48       -37.47      -127.71 -1.098      -0.2567     4.88    -0.0813     -0.0394 502904.00
TELB4   39.84   -42.73     1.68    10.966     0.00    0.633      2.76       -9.99      -1.89       -7.85       -26.74  -1.098      -0.2567     4.88    -0.0813     -0.0394 3094000.00
TEND3   31.88   16.74      2.36    1.669      0.0163  0.804      1.63       10.46      9.33        9.87        8.91    0.1595      0.0996      2.94    0.1247      0.1412 37889300.00
TESA3   17.21   -3.00      0.48    0.317      0.00    0.153      -14.54     2.14       -0.38       7.65        5.60    0.148       -0.1059     0.96    0.0814      -0.1616 1129230.00
TGMA3   24.51   10.80      2.74    1.433      0.0466  1.550      6.71       12.21      28.88       12.50       10.51   0.1174      0.1327      1.90    0.179       0.2538 16737400.00
TIET11  14.38   14.46      3.69    2.837      0.082   0.677      -62.12     7.01       -1.29       10.29       7.41    0.4048      0.1963      0.96    0.159       0.255 41700100.00
TIET3   2.91    14.63      3.73    2.871      0.081   0.685      -62.86     7.09       -1.31       10.37       7.47    0.4048      0.1963      0.96    0.159       0.255 1271500.00
TIET4   2.88    14.48      3.69    2.841      0.0819  0.678      -62.21     7.02       -1.30       10.30       7.42    0.4048      0.1963      0.96    0.159       0.255 4762580.00
TIMP3   15.24   19.40      1.61    2.154      0.017   0.926      17.40      11.08      -4.28       11.01       4.27    0.1944      0.1111      1.34    0.0967      0.0833 174090000.00
TKNO4   39.08   10.79      0.63    0.725      0.0092  0.503      1.28       13.47      1.45        10.54       6.06    0.0538      0.0672      3.45    0.0488      0.0587 614.40 
TOTS3   27.77   61.68      6.38    6.734      0.0068  3.110      22.36      17.07      83.64       16.10       13.71   0.3945      0.1095      1.34    0.2666      0.1034 130701000.00
TPIS3   1.26    -4.13      0.32    0.218      0.00    0.061      -0.28      -36.93     -0.08       -335.16     5.14    -0.0059     -0.0743     0.24    -0.0017     -0.0764 1053130.00
TRIS3   12.68   15.47      2.14    2.940      0.0338  1.207      2.53       14.67      4.19        14.84       14.73   0.2005      0.2046      3.15    0.1046      0.1384 27466000.00
TRPL3   26.57   7.88       1.35    4.447      0.05    0.780      5.59       6.46       -4.22       7.29        7.24    0.6888      0.571       2.71    0.1329      0.1716 108618.00
TRPL4   22.04   6.54       1.12    3.689      0.0603  0.647      4.64       5.36       -3.50       6.18        6.14    0.6888      0.571       2.71    0.1329      0.1716 35937600.00
TUPY3   17.09   -16.29     1.04    0.585      0.00    0.408      1.44       10.42      -4.58       15.57       6.37    0.0561      -0.0359     2.20    0.0535      -0.0638 16619200.00
TXRX3   143.89  22.86      -2.06   16.085     0.00    3.275      -2.30      107.63     -1.45       144.36      144.36  0.1494      0.7035      0.19    0.0473      -0.0901 88873.60
TXRX4   8.66    1.38       -0.12   0.968      0.00    0.197      -0.14      6.48       -0.09       43.21       43.21   0.1494      0.7035      0.19    0.0473      -0.0901 769726.00
UCAS3   4.28    25.44      1.76    2.027      0.1462  1.368      4.02       33.44      4.63        29.25       14.35   0.0606      0.0797      2.91    0.0506      0.0693 799378.00
UGPA3   18.78   89.80      2.30    0.249      0.0234  0.614      2.28       13.09      -2.34       20.94       12.00   0.019       0.0031      2.41    0.0651      0.0256 124238000.00
UNIP3   32.21   89.63      2.20    1.004      0.0125  0.750      7.31       9.93       -2.60       9.95        6.09    0.1011      0.0132      1.38    0.1001      0.0245 719045.00
UNIP5   27.79   77.33      1.90    0.867      0.0263  0.647      6.31       8.57       -2.25       8.58        5.26    0.1011      0.0132      1.38    0.1001      0.0245 28183.40
UNIP6   27.16   75.58      1.85    0.847      0.0163  0.632      6.16       8.38       -2.20       8.39        5.14    0.1011      0.0132      1.38    0.1001      0.0245 4290690.00
USIM3   9.22    -12.72     0.85    0.828      0.0043  0.430      1.80       14.71      -5.26       19.44       8.51    0.0563      -0.0494     3.14    0.0338      -0.0669 1922340.00
USIM5   8.78    -12.11     0.81    0.788      0.0049  0.410      1.71       14.01      -5.01       18.73       8.20    0.0563      -0.0494     3.14    0.0338      -0.0669 159769000.00
USIM6   9.41    -12.98     0.87    0.845      0.0046  0.439      1.83       15.01      -5.37       19.74       8.64    0.0563      -0.0494     3.14    0.0338      -0.0669 292.38 
VALE3   61.35   50.60      1.73    2.114      0.0231  0.712      6.47       5.11       -1.98       5.67        4.53    0.4135      0.0247      1.82    0.1701      0.0343 1677300000.00
VIVA3   22.00   0.00       4.69    0.000      0.0071  2.841      6.42       0.00       10.56       0.00        0.00    0.00        0.00        3.00    0.00        0.00  35890400.00
VIVR3   1.53    -0.56      -0.60   -1.398     0.00    0.191      -0.37      -1.55      -0.21       -4.76       -4.97   0.9025      2.4755      0.44    -0.1305     1.0627 2344570.00
VIVT3   50.25   18.86      1.23    1.950      0.0538  0.768      164.83     13.23      -4.44       14.00       5.10    0.1475      0.1034      1.02    0.0664      0.0651 4957490.00
VIVT4   50.11   18.81      1.22    1.945      0.0593  0.766      164.37     13.19      -4.43       13.96       5.09    0.1475      0.1034      1.02    0.0664      0.0651 131543000.00
VLID3   10.42   -6.64      0.64    0.372      0.0672  0.246      1.80       5.59       -1.64       11.73       5.71    0.0665      -0.0573     1.42    0.058       -0.097 10798100.00
VULC3   5.65    67.70      1.35    1.297      0.00    0.926      1.95       20.48      2.93        19.84       8.92    0.0633      0.0191      4.08    0.0592      0.0199 5256290.00
VVAR3   18.60   -25.63     5.88    1.192      0.00    1.025      12.37      26.69      -3.96       29.92       16.26   0.0447      -0.0465     1.17    0.0586      -0.2296 1636360000.00
WEGE3   69.17   77.50      14.01   9.738      0.0064  8.061      23.64      57.29      42.10       57.01       48.97   0.17        0.1281      2.31    0.1781      0.1808 319890000.00
WHRL3   6.87    7.28       5.61    1.292      0.1408  1.813      11.97      23.45      24.12       20.99       15.65   0.0551      0.1775      1.25    0.1962      0.7696 133076.00
WHRL4   6.89    7.30       5.62    1.296      0.1545  1.818      12.00      23.51      24.19       21.06       15.70   0.0551      0.1775      1.25    0.1962      0.7696 480060.00
WIZS3   10.29   8.54       6.06    2.413      0.065   2.505      -56.77     4.27       -10.68      3.95        3.50    0.5655      0.2905      0.88    0.7762      0.7101 9503660.00
WLMM3   18.01   12.14      1.49    0.631      0.0178  1.134      3.91       11.98      5.62        10.35       9.71    0.0527      0.052       2.92    0.1228      0.1229 62167.00
WLMM4   18.84   12.70      1.56    0.660      0.0187  1.186      4.09       12.53      5.88        10.91       10.23   0.0527      0.052       2.92    0.1228      0.1229 67513.30
WSON33  40.00   49.15      1.24    1.748      0.0286  0.530      9.16       4.45       -1.29       7.56        7.56    0.393       0.0385      1.55    0.1378      0.0253 1312440.00
YDUQ3   31.35   16.90      2.96    2.725      0.0163  1.269      4.12       11.55      -9.42       12.68       8.87    0.2359      0.1612      3.41    0.1705      0.175 107106000.00
